1 0.00000000000000000
2 0.00000000000000000
4 0.00000000000000000
8 0.00000000000000000
16 0.00000000000000000
32 0.00000000000000000
64 0.00000000000000000
128 0.00000000000000000
256 0.00000000000000000
512 0.00000000000000000
1024 0.00000000000000000
1 0.00000000000000000
2 0.00000000000000000
4 0.00000000000000000
8 0.00000000000000000
16 0.00000000000000000
32 0.00000000000000000
64 0.00000000000000000
128 0.00000000000000000
256 0.00000000000000000
512 0.00000000000000000
1024 0.00000000000000000
1 0.00000000000000000
2 0.00000000000000000
4 0.00000000000000000
8 0.00000000000000000
16 0.00000000000000000
32 0.00000000000000000
64 0.00000000000000000
128 0.00000000000000000
256 0.00000000000000000
512 0.00030000000000000
1024 0.00060000000000000
1 0.00030000000000000
2 0.00030000000000000
4 0.00030000000000000
8 0.00030000000000000
16 0.00040000000000000
32 0.00040000000000000
64 0.00070000000000000
128 0.00070000000000000
256 0.00120000000000000
512 0.00230000000000000
1024 0.00380000000000000
1 0.00110000000000000
2 0.00130000000000000
4 0.00130000000000000
8 0.00110000000000000
16 0.00150000000000000
32 0.00180000000000000
64 0.00250000000000000
128 0.00390000000000000
256 0.00510000000000000
512 0.00780000000000000
1024 0.01220000000000000
1 0.00470000000000000
2 0.00630000000000000
4 0.00630000000000000
8 0.00540000000000000
16 0.00580000000000000
32 0.00710000000000000
64 0.00900000000000000
128 0.01190000000000000
256 0.01910000000000000
512 0.02830000000000000
1024 0.03800000000000000
1 0.21650000000000000
2 0.20110000000000000
4 0.20410000000000000
8 0.20349999999999999
16 0.20640000000000000
32 0.20160000000000000
64 0.19900000000000001
128 0.19880000000000000
256 0.20090000000000000
512 0.20970000000000000
1024 0.22320000000000001
1 0.37669999999999998
2 0.37650000000000000
4 0.38080000000000003
8 0.38169999999999998
16 0.38619999999999999
32 0.38269999999999998
64 0.37790000000000001
128 0.37419999999999998
256 0.37669999999999998
512 0.38250000000000001
1024 0.38479999999999998
1 0.31690000000000002
2 0.33210000000000001
4 0.32469999999999999
8 0.32279999999999998
16 0.31480000000000002
32 0.31159999999999999
64 0.30680000000000002
128 0.30340000000000000
256 0.30520000000000003
512 0.30340000000000000
1024 0.30090000000000000
1 0.13810000000000000
2 0.14949999999999999
4 0.14690000000000000
8 0.14069999999999999
16 0.13389999999999999
32 0.13170000000000001
64 0.12750000000000000
128 0.12670000000000001
256 0.12479999999999999
512 0.12720000000000001
1024 0.12859999999999999
1 0.01550000000000000
2 0.01700000000000000
4 0.01570000000000000
8 0.01590000000000000
16 0.01490000000000000
32 0.01390000000000000
64 0.01340000000000000
128 0.01390000000000000
256 0.01420000000000000
512 0.01450000000000000
1024 0.01510000000000000
