0 0.31909400840631430 0.74858083281569732
0 0.42930396788113079 0.17523373532404096
0 0.24031260011871591 0.26440070722572351
0 0.26622497743955309 0.50810441043804155
0 0.22525083030639514 0.36495254328084215
0 0.61905864216049999 0.41879709935195120
0 0.43211763337287434 0.41513383517291480
0 0.35396243418172113 0.40004830087259191
0 0.33543477473888661 0.59396536451698800
0 0.31016832196568012 0.44825670508781990
0 0.30713411069653340 0.79940967192959267
0 0.66550809854210236 0.38988778377330413
0 0.30977698798068654 0.21917251788206360
0 0.28954831713994555 0.74456560198406097
0 0.47067083018771172 0.41961697094274986
0 0.23004245199140638 0.53470675001037349
0 0.15353824028715701 0.52904789018972398
0 0.35016366183815362 0.41150849882280460
0 0.19983085141984835 0.57767085946133934
0 0.56476305923886638 0.32673570195632684
0 0.22410329898706993 0.27504151662303045
0 0.40333084813870945 0.25200779385467997
0 0.28080610747469847 0.79947910747632722
0 0.36623679741572013 0.27995375320030325
0 0.40738147411000569 0.39861175424417150
0 0.33070907989636023 0.37509119566090787
0 0.55331623559824350 0.29200389564069718
0 0.29932072642606888 0.69175279740839768
0 0.28133885622209043 0.38121542610938486
0 0.19306231372282368 0.42866017855306748
0 0.32874216836195669 0.79079233650518010
0 0.41278278387663270 0.30752602954015185
0 0.52451009450032959 0.13421657618221394
0 0.29162796119816292 0.64827240196467861
0 0.25390450499560258 0.45266278115908998
0 0.62945831249844653 0.41224321405214692
0 0.43179598509405137 0.46710015020164308
0 0.38900926723081330 0.44007729003186347
0 0.33730243092432100 0.53886529777910341
0 0.41094804451551736 0.37758287202020047
0 0.55853598349562161 0.30184301902818778
0 0.30075503463863429 0.61178208524069733
0 0.45462971937744734 0.31380169928466772
0 0.40715121670732768 0.44053443883230181
0 0.47473669273413410 0.25476279502189869
0 0.42943983818463183 0.29809408142724636
0 0.34489801740219794 0.39048290229391580
0 0.47665832345295267 0.49604740023181626
0 0.48027584489582242 0.39573112225837470
0 0.56431603619589032 0.48401018165869847
0 0.22895340960830346 0.59221273223379489
0 0.43054131697321940 0.21469871211894387
0 0.60749307315565826 0.22435941240599422
0 0.37475531176244192 0.33048572469607507
0 0.30483108318329866 0.29785101638204647
0 0.33763145392712168 0.58915439511352097
0 0.32269631923438202 0.38602973540088015
0 0.20187354044068684 0.30269332962546525
0 0.65600550499841548 0.22764356402124020
0 0.42647309565037306 0.27545154579776021
0 0.27134229119557274 0.21904341383686776
0 0.53869824698963020 0.40456469825309904
0 0.44542498240807382 0.17903560457593692
0 0.31341848391034666 0.57418131660727967
0 0.36592167052262481 0.34244906797225516
0 0.45530803023148703 0.16224671522728984
0 0.46356860834242986 0.33675099574779188
0 0.57342914921407462 0.17967401420387663
0 0.53187680871190612 0.49105730770684541
0 0.56119641859306346 0.48887220498003126
0 0.58600153645885067 0.16255275725161678
0 0.47679484738214628 0.39823201598492164
0 0.64315976942442576 0.38713943945957607
0 0.15345942146658187 0.49267630340696578
0 0.46628922243786375 0.43857182680865414
0 0.42990898138934452 0.86166424994333279
0 0.30466367936445327 0.69010203445401497
0 0.31535045400785588 0.39511835701212794
0 0.53117432274568699 0.22930186806567465
0 0.43418459787839248 0.34966472531555759
0 0.23118626510205997 0.57504088294417322
0 0.65804922477868177 0.21587351800528432
0 0.51543873072479751 0.16997149868860162
0 0.19189098183868969 0.48162145438074067
0 0.54468135427166064 0.47273998536509820
0 0.27063472830028634 0.45693926921128047
0 0.48957560500583597 0.32633290223005107
0 0.32857872768632490 0.60926916750064986
0 0.41049941254948930 0.49499345070740897
0 0.30639685647663295 0.38231774419144127
0 0.29610795798993017 0.53779693895188196
0 0.61896386774635981 0.18144027300370258
0 0.57067607239020290 0.14913735843610543
0 0.30418622755696623 0.65685203446821339
0 0.40506709686471798 0.85928375495740050
0 0.23676033472185254 0.63154671716398703
0 0.60334020790380272 0.18326794070783570
0 0.58813976611486918 0.29481762241008802
0 0.32783137717275057 0.54567713768922210
0 0.57296977181531961 0.26507182357236569
0 0.26091581287973387 0.70146488702165710
0 0.38378991021356779 0.35328187846936576
0 0.39148293919222021 0.34288929503397558
0 0.44241957175379132 0.43805374864659052
0 0.64337011476148698 0.31280421710624284
0 0.60834625780081764 0.42485042578884880
0 0.50556314667777902 0.46902294256230659
0 0.27611100290867674 0.75194627521521817
0 0.51916768309706818 0.20153779471912991
0 0.63883273622423609 0.43246442149588782
0 0.15864194961481215 0.53592775325179576
0 0.62730206226370089 0.26505116197547995
0 0.27063582998058844 0.76068360570080684
0 0.31324452292589167 0.39332085131036554
0 0.48378345568804459 0.34743773369576447
0 0.29707448392178704 0.33789224995564160
0 0.33490458348101981 0.40599161513186077
0 0.51353525951464496 0.40929266688067534
0 0.35722878154171700 0.49342922259895072
0 0.30032422632676603 0.47590986655849088
0 0.59493587537535786 0.29763269638882417
0 0.18898280080766205 0.36418400895603542
0 0.16111782101841210 0.37879721208242156
0 0.59762879109128864 0.36028860049034050
0 0.20585088424937492 0.65471744616775807
0 0.35042363626487172 0.82471429449194333
0 0.49334565264794961 0.48690608075463204
0 0.30729987472148645 0.80415843051905322
0 0.13025078439273297 0.48673317873940269
0 0.50858831247104064 0.39201898918164191
0 0.46478756942941712 0.23247129822057944
0 0.47567962220536719 0.34755904612540578
0 0.20323627853795112 0.70853756672749402
0 0.16185774437899747 0.63341352443203247
0 0.51584140926658251 0.44582350914658253
0 0.30283950437080454 0.32934450618371525
0 0.47729037378329819 0.30677858615058962
0 0.29384601170407032 0.61462154806249614
0 0.42820287999379691 0.34068193267306501
0 0.16773611573240976 0.38323081507343071
0 0.60746779916928562 0.41421706949990678
0 0.17015858013912999 0.61974463106000643
0 0.36605896116954106 0.54068386754609721
0 0.39747220189677490 0.51781221815403955
0 0.60770949595565316 0.31016549298190321
0 0.22852669998834374 0.75505577130283874
0 0.29525069683866356 0.42703603739609197
0 0.35703901439309349 0.42660475615873295
0 0.33289365023486173 0.57284611061105628
0 0.46594699382412685 0.24229306335514322
0 0.16851943709006689 0.48362028989054440
0 0.29542143699259860 0.67230012787333093
0 0.59321234546105339 0.44896075564351867
0 0.31616253330115152 0.61215838398325650
0 0.30409320267160000 0.50710855241653041
0 0.54654545908928709 0.16916882394036770
0 0.48086019356178600 0.39852039660362470
0 0.19985968024243927 0.55340164058746444
0 0.48587486756315823 0.26292868556446458
0 0.20720188647758886 0.57101817704612734
0 0.60896967773182697 0.43044107848724567
0 0.28492102495976224 0.69720465070662485
0 0.41247720610898797 0.20006413156311975
0 0.17214517585204603 0.51067339819078061
0 0.30797498060626871 0.58407358667329867
0 0.40241025334131608 0.51572638297643714
0 0.19313185805823219 0.51983931186107835
0 0.29762815151069355 0.58983055431723908
0 0.42706008830350317 0.37543697301082246
0 0.58807409824534274 0.16296283235447007
0 0.33982344551048460 0.83653174108854611
0 0.31495956168445560 0.56238912678702213
0 0.23479928195057620 0.42274105341237778
0 0.16408783402728799 0.39712810443347923
0 0.64927126894088416 0.37440126268109242
0 0.67691500686026962 0.28916895406546694
0 0.50343867052700808 0.18631928281050381
0 0.59382558838518851 0.45094547963006182
0 0.31932256938151216 0.51995858270859796
0 0.64821105711104721 0.30853314498011153
0 0.28970300266061288 0.21200322265450944
0 0.27647766833957377 0.65217363796915384
0 0.26744747073155073 0.66331736497714222
0 0.20693393278957184 0.36751237423440464
0 0.29234754621817938 0.62766787853052319
0 0.52951589670803390 0.18591192942613799
0 0.54442137660841528 0.25379296913150062
0 0.42437681325725540 0.29459685245025480
0 0.40335626721803175 0.37866376310579475
0 0.64934786898774488 0.34240748088321782
0 0.53088913925257120 0.48455443340159543
0 0.30301372331182863 0.64314584236285555
0 0.52248087316306480 0.49499343772634641
0 0.53760849223539575 0.47782183200314343
0 0.31524277193270156 0.77920500884394372
0 0.60597679073085642 0.27718657332525143
0 0.25243233181903391 0.33845856693602971
0 0.30155694281719581 0.37087572640719446
0 0.40253576531437507 0.27377113688111188
0 0.29343218337781307 0.19685253710405270
0 0.42049956530448684 0.85796817093005862
0 0.25926638604505636 0.51054042275256473
0 0.20327571846872394 0.67817894208345042
0 0.57907074623554522 0.20993997814632359
0 0.28004885447642991 0.45184994936077405
0 0.27104204224522399 0.66349277055731393
0 0.13957770023122285 0.54014879641045588
0 0.61009747266582215 0.37979361912282061
0 0.64327563072509497 0.34692323210336262
0 0.62179861560638439 0.33397666318643560
0 0.48975642350744486 0.36902996875177141
0 0.18735313372487039 0.60782787035025365
0 0.15104790227241249 0.63532288445154528
0 0.41566021386151020 0.16437958110277073
0 0.27589438583475367 0.77754980244768690
0 0.58133588191454455 0.29439962707743850
0 0.52095394745308476 0.44197602634391808
0 0.58504792777750581 0.41823560585929331
0 0.36232835444260036 0.84486184405658871
0 0.46347965555571213 0.22734762635300521
0 0.54400708528746122 0.24695492621255954
0 0.29823609404023055 0.63106419712769213
0 0.39099892292491367 0.49019656552000201
0 0.21980736128377099 0.46010759902415821
0 0.40505808168485014 0.86049101245072679
0 0.34413178539706246 0.51435471288914303
0 0.55563943789724890 0.28087258376364432
0 0.61196817757919120 0.26202273273472965
0 0.25381476020588323 0.55668881155148964
0 0.43446587226892031 0.24996938199789898
0 0.46293713864814090 0.24715859259147532
0 0.54884615283725213 0.48749606963058911
0 0.43670625518251749 0.46576576534601466
0 0.55435062890571718 0.26801251397078918
0 0.53879063400832239 0.49168551464043297
0 0.46789804411078850 0.41030321018407734
0 0.56565447159458249 0.32809714586776395
0 0.52716010011984582 0.13916008978833705
0 0.62759593730597885 0.31353265022278520
0 0.24552399418536208 0.71144124496723293
0 0.15123439291950147 0.51386418382881638
0 0.51529025386075122 0.47774418288335352
0 0.57704023103775215 0.23545307024618956
0 0.20252543170958570 0.49233755412770330
0 0.31322638497407507 0.39145840729021664
0 0.31486163822456559 0.58474322008179946
0 0.22962864813844308 0.66573432845178537
0 0.32344327679200346 0.28843896527985224
0 0.50839852348088133 0.13892520633247041
0 0.60117043158153272 0.19399595817986426
0 0.37725262730607134 0.84661971475832409
0 0.61670924033439944 0.38147165871892463
0 0.58308735498591180 0.22114525211962899
0 0.46742997621581472 0.40016041496997379
0 0.55799017407021012 0.39478015912412967
0 0.64834582554785170 0.24734484018414071
0 0.29228322734861312 0.79605898396210095
0 0.51864521788738394 0.20653094708964148
0 0.60135928402272443 0.22093259880174498
0 0.42174217933622382 0.48194870123731304
0 0.22518511150653375 0.58998736196647172
0 0.62610937355268637 0.33976778049147061
0 0.59281256355507805 0.35759824162081999
0 0.54156652970102004 0.37840481524879555
0 0.18761264385449183 0.64725584312467843
0 0.34180607013015252 0.32801391872203811
0 0.44746418709638192 0.40894366606063293
0 0.35165833045637196 0.55482990312580815
0 0.52286038336026475 0.14091255646154277
0 0.17854795912505272 0.49792681776255077
0 0.17603669709897218 0.31197876464416208
0 0.21761336205132564 0.44753680395202611
0 0.64598558196062650 0.23255028945772638
0 0.50991581080964599 0.31337805002573615
0 0.25759220152511286 0.78431190645161131
0 0.44208008848495783 0.49587368529500919
0 0.13290638904674756 0.47028008646724184
0 0.20178998527531022 0.32199588260456036
0 0.16567950375244966 0.63727979390353162
0 0.30689756841150939 0.80669588508897561
0 0.60712343924672940 0.33601141691439684
0 0.25864822194020776 0.37497907000361197
0 0.58927141382373671 0.27234523288244417
0 0.63966548024245240 0.33609867635084278
0 0.62203108728150702 0.29153140851252402
0 0.52639228299865870 0.46476581714035337
0 0.28547720869821058 0.42315373362417885
0 0.55420454572912303 0.47457558550963796
0 0.46430223352588051 0.50186522106478060
0 0.65396250997388461 0.31283806469662234
0 0.14962435941534169 0.48956712496409327
0 0.44657829183767217 0.44720738381652758
0 0.26995673507747120 0.53008264397231275
0 0.28828448186358990 0.37286709841520671
0 0.41172941759095927 0.41971377826531231
0 0.57871810502506238 0.35861957512643394
0 0.28214866364265889 0.73637536879795640
0 0.30707894375027445 0.48482508662967683
0 0.29959278879024021 0.80829498278103473
0 0.37644994811415855 0.24845413462771160
0 0.18834474530918621 0.64926379906324727
0 0.40232192706658809 0.44159238006732615
0 0.20690032798699876 0.35562024066544562
0 0.41071985113784382 0.50507958262299868
0 0.44190547266254709 0.16456716799060933
0 0.25508425040401084 0.24148220727759973
0 0.20193302677616620 0.46638433436474036
0 0.59960519556739489 0.32131849826536385
0 0.22032157166448663 0.67452730786182236
0 0.35401820320180921 0.55348023531803336
0 0.47798698232363424 0.49980519609569229
0 0.50903213800547575 0.14975012028959234
0 0.50531856273497833 0.45090877512786731
0 0.23297599989815032 0.25824034932036000
0 0.63203021017946548 0.24425797834508489
0 0.14373399909190576 0.54996124351997822
0 0.45115036943225628 0.32765160635087642
0 0.15678772069853353 0.43357958610662783
0 0.30450919579408198 0.43485409249126061
0 0.59046052941247229 0.39545094307659345
0 0.56338033413426725 0.17664580611926939
0 0.13683616857674896 0.53171746999592728
0 0.67646952201939758 0.29449937792651193
0 0.27788850126875686 0.26032835111179897
0 0.36997599382626101 0.44802343140742673
0 0.33079036910489057 0.81501527479640956
0 0.22110738657186491 0.66858124837289479
0 0.61658168230724220 0.36184698179131081
0 0.16336049303615785 0.58105877780840265
0 0.44279028581550373 0.41729103939361323
0 0.57232345168392040 0.40116245396523531
0 0.16083312220688539 0.46727639850238156
0 0.21724559567531121 0.62225718216666270
0 0.57237886331089738 0.36574489225638074
0 0.57676681007008146 0.20493185292754956
0 0.36175451005570369 0.42219483456490958
0 0.33877486054768013 0.47615327710160327
0 0.56509059135994100 0.37678620920708283
0 0.34144405652241328 0.21350625689072777
0 0.47077741521112815 0.49080268702811047
0 0.37843495596421795 0.25103266917237144
0 0.25607607754881978 0.21770673842545873
0 0.46397040501205700 0.14422195240835101
0 0.60073868287134091 0.30914682414814676
0 0.19187508282165600 0.37410671590662892
0 0.31050833836064606 0.24524908699339032
0 0.28194865083791765 0.68180918565826465
0 0.35205757424259387 0.29302775851702167
0 0.29711597916915888 0.32521124958396341
0 0.38110068276468645 0.45384894616878468
0 0.24745530061482479 0.34531465473991318
0 0.59078652210587912 0.45078166480719561
0 0.26556324810882104 0.46432452318035355
0 0.67170544867274029 0.24858540234325055
0 0.30538180052968134 0.60348626316664866
0 0.32512018936669373 0.31138551554823968
0 0.22694741461870083 0.59511801201038339
0 0.60967068362058807 0.30827464184783593
0 0.36027157152190536 0.33072661903799783
0 0.23682062051100461 0.33570795382549767
0 0.40793017029770728 0.86291412782325572
0 0.58894430041693180 0.17747604150716267
0 0.20825572345879828 0.64307998767487440
0 0.24347259565509227 0.37612763314697850
0 0.19906578398512453 0.67053958436893812
0 0.30117129770722961 0.63697974653820955
0 0.64909546439108157 0.23770940003183672
0 0.30463188934272267 0.53565032899539233
0 0.23005702408888906 0.60183568780187557
0 0.22667490273983015 0.56019037400354310
0 0.40082574021768758 0.49107573997095644
0 0.40978045732074508 0.37202855201923735
0 0.29568844155318830 0.47166274343928938
0 0.24470782091322674 0.37038443066229632
0 0.37944829053479856 0.27058713428205738
0 0.48170275130495277 0.24577387400801165
0 0.66430578878840385 0.28100933296494768
0 0.60295281416490076 0.29251544410692820
0 0.48951901528061059 0.39212016925927318
0 0.23887250348024247 0.58267756105697266
0 0.25407203011641089 0.63879015446219634
0 0.42541476683051649 0.48715478882280805
0 0.32361325464424129 0.23155267031683890
0 0.63152226713041748 0.40153619940746776
0 0.29701103764823367 0.19663657381812838
0 0.33481009788340454 0.17790697250042053
0 0.41368752939656983 0.21573039924426030
0 0.17911866784714359 0.65565120351310069
0 0.58107999814614508 0.15145412139256176
0 0.52232456307387087 0.33766085520754963
0 0.67122676189666264 0.32723988197868725
0 0.30359831884664523 0.80983200327282323
0 0.32686150671119185 0.43621710872264019
0 0.51076174472472768 0.19243681008982505
0 0.65172761267445822 0.33638099892948192
0 0.66964690303466345 0.34787210541285152
0 0.20631074153417339 0.42750093950336421
0 0.48462134977034044 0.16120447596534726
0 0.61092365937292858 0.28814685364231130
0 0.29744995514477734 0.57907710516227706
0 0.39487058560449528 0.27585411671461013
0 0.48074870612375975 0.47502835806347843
0 0.33739379273420567 0.80949290249949357
0 0.44242837635842691 0.35363993035361041
0 0.25468115785345324 0.60027850320462439
0 0.25767139776008530 0.59761098563199311
0 0.27251037492068841 0.61064474968113003
0 0.30403580993861634 0.58553211459139509
0 0.45601368665100750 0.39408567217793622
0 0.31656030686653702 0.74897498193058221
0 0.32621166929220169 0.48089019933395294
0 0.66105566290332207 0.39924564147778485
0 0.21382170841905279 0.46829731791371776
0 0.62429082121691271 0.23401940786332620
0 0.50106791286497476 0.34132193234180574
0 0.34321603440531545 0.29807914604389096
0 0.40029046221812981 0.29223219168198145
0 0.58567596724112692 0.21175051846253912
0 0.42424272402169716 0.18301218831882560
0 0.65999474286388671 0.25409445359072880
0 0.50749261376742560 0.39721371427340402
0 0.36157846864578935 0.42539794287513844
0 0.20159952656089175 0.48311006993430494
0 0.16640696367211727 0.40465643157634346
0 0.48540919916037384 0.32036953632991350
0 0.29541174609915322 0.55028443025705087
0 0.40776531603273780 0.43830695450681989
0 0.24476712940926348 0.75163447265899874
0 0.37289800825225794 0.28317928399241377
0 0.31374745763692680 0.81027347733512345
0 0.37252589075544273 0.51092482854011756
0 0.53392117514386328 0.38992883070667372
0 0.19245868961255730 0.38512637076668499
0 0.53630122428098548 0.40361482235685475
0 0.47436583790339126 0.49857243961157205
0 0.50185179120911672 0.39223204638620157
0 0.31018322207450866 0.64108177804386690
0 0.40124459658107114 0.45270738218855788
0 0.16289161258265406 0.56380837803877992
0 0.60337505312724671 0.29990872227646348
0 0.25458108745805308 0.47909530274274936
0 0.37944592022151125 0.32519422325960978
0 0.61468165430351118 0.24965860585024247
0 0.21161739225606180 0.51927322655511521
0 0.63632943598178082 0.34475972895049478
0 0.45547661588287802 0.28858893273449759
0 0.57176155655437411 0.33146983631640337
0 0.38063649066189975 0.45640168623292277
0 0.34507787608317808 0.41905373046982386
0 0.51940437284012175 0.28465721438078961
0 0.50318081695785033 0.30651116101127374
0 0.45930835184353525 0.20634909137524748
0 0.41674863971109632 0.43546183282535977
0 0.22858849211151844 0.74418715206634145
0 0.24673470960336019 0.74516765996425494
0 0.27487272544746411 0.73491573144970901
0 0.16883463135138865 0.36995219330944562
0 0.52555632324567969 0.37735961796106010
0 0.31697245541282570 0.79600326160190849
0 0.49389104845937537 0.40007933126821049
0 0.15172754827586021 0.39731699543780441
0 0.56358609374739554 0.37044583678950305
0 0.27809861783546075 0.37934714049108587
0 0.37556852681620112 0.15627468179102533
0 0.49961386533966723 0.17496197784429834
0 0.30617813482930489 0.44240150341697748
0 0.14290104563232831 0.59231173949809302
0 0.42719442129772400 0.18201493271580904
0 0.51065968460323941 0.32446333105626191
0 0.36143921212600350 0.41531335464013852
0 0.20816372665726157 0.42540986520581903
0 0.18410900759097126 0.58987212162850555
0 0.34684289706599192 0.17418781544797401
0 0.37404821755509821 0.23507401367643355
0 0.40754933821248218 0.24669076281319269
0 0.28731048672209836 0.43045620737104273
0 0.23338406906824560 0.35099858817035989
0 0.17667535541466661 0.57395578992331298
0 0.64418400089204519 0.33397694141293788
0 0.26818702024641028 0.66411948718075364
0 0.35219012759137835 0.81961245068117639
0 0.38293312886426478 0.22695239670883927
0 0.52917825885327585 0.38361733339093940
0 0.57735013725644202 0.39087732416151544
0 0.20699191220736879 0.66529949963383883
0 0.58221902680785653 0.31577165235984539
0 0.22745756954078478 0.65784306828618222
0 0.29316744822323870 0.76144865617596447
0 0.63715105300846231 0.41275856143372669
0 0.27881845912331160 0.60788019878622412
0 0.43192402422987197 0.37873189791585027
0 0.58826697934864547 0.22813889187374348
0 0.44093211511893593 0.27910864934682267
0 0.66412340748835685 0.32776302123383128
0 0.28155390910318157 0.71806160553446197
0 0.15725186269022551 0.63638136699169856
0 0.30313116260840411 0.47715939486306591
0 0.16891691312067048 0.66302228972784616
0 0.68706854566258335 0.31121274847451785
0 0.23662533536375507 0.35208984405212340
0 0.31209072618946798 0.48971016063811534
0 0.34862802683541028 0.80606815629590922
0 0.64613973691396354 0.34890899446351198
0 0.27228731891066416 0.60986142815562538
0 0.29682911265603096 0.30071723443049281
0 0.55257365307725081 0.31035627882107630
0 0.31532074752494244 0.43680890244754267
0 0.39432678343697858 0.25632580555127005
0 0.30099336653088171 0.41943240375200630
0 0.39149745260191704 0.20753731622652860
0 0.63583970480427876 0.34199045972252473
0 0.61498456591539274 0.31037069113471483
1 0.83085255315722806 0.47562549167326673
1 0.70085470584952247 0.42377817538896578
1 0.54330707188148208 0.72651235922821533
1 0.79198242609459180 0.67627975565713339
1 0.54481372878630163 0.69498847980322132
1 0.65625399373950921 0.58586206551890019
1 0.54632438731431554 0.67822464224569590
1 0.70965842691429315 0.60280194273900323
1 0.75382548081023337 0.28713194593877100
1 0.75691930901504167 0.74585462182652473
1 0.73498903496994261 0.64064851725178029
1 0.74636126912516643 0.38739606797589432
1 0.66715480160931995 0.20846196743150158
1 0.84738506882867581 0.58874215512516015
1 0.66904513857922354 0.53681070272726217
1 0.70190113293081025 0.76016553834525413
1 0.58499345603410424 0.85199684997446201
1 0.67245769676462630 0.18346234960353658
1 0.69213021678014486 0.34792127949680529
1 0.46923767724524845 0.60092005797690995
1 0.74365728917342444 0.72559576532149150
1 0.42187067263010725 0.53232291333957160
1 0.70020621974853336 0.54024543899937816
1 0.35364380299552622 0.68531158993367125
1 0.63340402244628025 0.68626253722429253
1 0.46790035014891729 0.80784884691788417
1 0.71513990480854872 0.65306248026486302
1 0.73459387854737068 0.76708116538290805
1 0.80404437193278988 0.28814579753286396
1 0.72350946646680014 0.48294055168086225
1 0.49164991251903545 0.72174241682093021
1 0.46321125006726160 0.54911462631006558
1 0.47768306248150538 0.58467895207427301
1 0.43402466727105193 0.65660651387192481
1 0.72635017225889187 0.60829568386651756
1 0.84659383870373128 0.45397770730435261
1 0.67478075073123622 0.81137515882668576
1 0.70816819512027629 0.72782368055865376
1 0.76589893569133505 0.40614430166886251
1 0.65526594627809098 0.71744883937614934
1 0.42790180156151758 0.56096843087878256
1 0.67225038250183666 0.64326222592602900
1 0.54699726967639561 0.53664599656715606
1 0.61291784365041968 0.46413864145522843
1 0.61882243809969772 0.72257183405539227
1 0.66773386073809360 0.68033238625552961
1 0.76213243193658786 0.32321764125615760
1 0.37762272593528845 0.72459989591869300
1 0.60260770713880041 0.79424932566882411
1 0.73391671499091093 0.58713761697572842
1 0.66855366724927423 0.56576689469433195
1 0.66417499683846359 0.67014875782023620
1 0.69619261058079429 0.29110849914336434
1 0.78684205102714033 0.26984146225078720
1 0.62269215006549283 0.58397137321525905
1 0.79845385224976784 0.35981048526427550
1 0.74576453705081969 0.26907093940943816
1 0.70012387428265899 0.69208837462382800
1 0.63542391639169526 0.65025321374747980
1 0.64266947806328212 0.84081077074459198
1 0.36487710632514303 0.63350318607469103
1 0.71750195046058685 0.55002095326724065
1 0.69337215436179767 0.20960159073037632
1 0.47285291961472797 0.77455959661123197
1 0.47738302318594183 0.56823372447882148
1 0.76208541291600307 0.25624985992689298
1 0.71138402241287158 0.80535866606957573
1 0.40698899435832692 0.53245484163949930
1 0.75766081601401203 0.48667411742415867
1 0.59250560882900216 0.79703638278484079
1 0.71705605579931697 0.54421162576059467
1 0.69719188056046211 0.62555639617457515
1 0.45824994899629035 0.80364977289343864
1 0.35177722883147844 0.79265701960520585
1 0.63939277811422024 0.60340791425759721
1 0.67334233644335084 0.74439533523488022
1 0.78041865810938726 0.74368732704376295
1 0.71071679500585971 0.37305272308944315
1 0.49230801107413180 0.67230792544551610
1 0.62507274022259618 0.81907248124605114
1 0.75805309698956402 0.36596817081675392
1 0.66031964210541960 0.49263096479525470
1 0.60449464210678272 0.14944593971508890
1 0.70808567585142823 0.73146474078928403
1 0.66523886313606195 0.55832457226637078
1 0.66905683734829779 0.47038631082985183
1 0.80340049177325723 0.48819312607011267
1 0.55313458650021596 0.63892625394756264
1 0.40250048080074075 0.74160847321097256
1 0.67553092030696305 0.59271804578906939
1 0.77192023728825510 0.70506433768466381
1 0.85497075978382653 0.56855685498399744
1 0.69340863882115233 0.40620356646111822
1 0.69022948409202090 0.72061496104423406
1 0.69151757565692673 0.34372490649868903
1 0.64747949813494698 0.78476681945298743
1 0.56889441272482788 0.80846678596775456
1 0.76317815048104887 0.57763503084370649
1 0.79249217137249495 0.72917929019535821
1 0.69980302677916029 0.62422976479901515
1 0.50208320479720459 0.79263664215473018
1 0.57387712260413171 0.77881997643738587
1 0.49551440920916190 0.78671145032709577
1 0.43456112463317287 0.73188857579805311
1 0.57900055410374685 0.72806566571090037
1 0.44884140320289911 0.51637950974389901
1 0.61367713920330569 0.71040239447170472
1 0.60771487253323830 0.55111396229236975
1 0.69623667556283841 0.71185253440368890
1 0.81125260116182640 0.38061354010742643
1 0.68749774897686777 0.40690266271771813
1 0.70981132960949023 0.68204731987575151
1 0.62995435414004897 0.55396648762263201
1 0.61831235413849994 0.50278337479256385
1 0.58611920570546339 0.82896220030024903
1 0.52014919148655792 0.60934982131764959
1 0.68348675192744579 0.48373382738285997
1 0.55120867203244417 0.69127885216964635
1 0.31962266642646131 0.67824429989024992
1 0.68889634003614431 0.67554610984167285
1 0.77632618251597707 0.69958573357223552
1 0.71099321849114250 0.48169684336441110
1 0.49264911074385931 0.50689731996852472
1 0.78860407857788395 0.67606447497588440
1 0.43095757424927283 0.59764469602897985
1 0.40001758090569794 0.60992562491667868
1 0.82436827472377305 0.49466445883249943
1 0.68219077201155698 0.17414194628573254
1 0.41845597252189581 0.61631408427576984
1 0.54689196526073869 0.80723310273356219
1 0.68261689728663211 0.54950568190974280
1 0.74703704771218282 0.65089497720792644
1 0.69559368328293081 0.72354706151060955
1 0.77594183279707551 0.28559379739968160
1 0.75994875955709851 0.49809861920930354
1 0.74542517157982879 0.34473093145166012
1 0.55344664846879854 0.79182971664875779
1 0.37819661428076712 0.72337944692749190
1 0.67761510718762619 0.39252985994885936
1 0.35978355367524029 0.56511555508354450
1 0.65716260519870906 0.56835932542063416
1 0.50256851082922260 0.51013833923135499
1 0.55663449775081963 0.66739188262675930
1 0.75947351703311927 0.33306182137029250
1 0.67641498671179068 0.47908149021390467
1 0.57426243129504106 0.86644526901307750
1 0.60924555346580722 0.78012314359166357
1 0.83494805995686117 0.60156522776713328
1 0.62037994283922548 0.75762577259375097
1 0.55727450849178151 0.65951248008166030
1 0.68032271475918360 0.40479327723922787
1 0.48543793311053551 0.55076666597680446
1 0.77927721675888928 0.73379341291203637
1 0.78027807997620113 0.31299323367079857
1 0.81152191939055263 0.31661231753980434
1 0.53626883076833920 0.60865426670917167
1 0.64712978565039037 0.76217691018656308
1 0.70992614145856925 0.44931444779995555
1 0.80763388965716354 0.31202239806539256
1 0.73673955989253970 0.45736028640744641
1 0.62529260384567764 0.83067543889732121
1 0.79540838478195819 0.47462895067197564
1 0.78769222563113539 0.65630427282881743
1 0.50052959278187148 0.69347803316171608
1 0.75308277745558516 0.25918030850725471
1 0.63649351730043380 0.17374385749495991
1 0.41274512253301565 0.72917020472736604
1 0.65898259025921768 0.63338342763783118
1 0.58510779524814371 0.55236154829852668
1 0.61975784758532027 0.74885756761670219
1 0.76128741516029352 0.46787838006195559
1 0.66972167401854699 0.50804191055179015
1 0.67232228645858694 0.75444804305274182
1 0.63295793299139724 0.82158923367678394
1 0.78987313870763165 0.42418475767273645
1 0.33868806377267868 0.71049191318211724
1 0.66710088095376441 0.73322044120698127
1 0.41963562497177997 0.54473918964461121
1 0.72530894237720156 0.51998970580984105
1 0.70262421794294960 0.60344321254122202
1 0.71038695685292996 0.61628711065084063
1 0.80531098657657019 0.56776538705152779
1 0.53212310998726620 0.62970281386760818
1 0.66800644053219638 0.66553163018302430
1 0.82692015534821861 0.55895128993160270
1 0.47033991703529621 0.85732000041911294
1 0.75351013983490467 0.37009987296289093
1 0.78961132721161487 0.57203986642113835
1 0.38140889445229098 0.70055323685360005
1 0.69875279764599885 0.30094187207942968
1 0.36344436112273226 0.58918739272394571
1 0.74083942934928659 0.24336683691206629
1 0.57367548249670397 0.56298963112706024
1 0.85425519013507878 0.43267036426770944
1 0.60864395738486632 0.51076389668194455
1 0.84693108003378748 0.36004204841016296
1 0.52355263257592344 0.64404780261805361
1 0.50573055481379070 0.59281071077932324
1 0.51242490741581204 0.80414964530693389
1 0.77705174605810501 0.59540646637425554
1 0.65997413038034591 0.50698059174765975
1 0.79081358401789137 0.57849159604943512
1 0.43937485414794475 0.66848168911935624
1 0.40841512278222347 0.52967690030081127
1 0.53826546010707321 0.77171734053514951
1 0.81082909606875386 0.47757928366536806
1 0.40114193964096911 0.58803766660603207
1 0.53891815714312041 0.50533795906457701
1 0.79433218083826651 0.63579260395972337
1 0.40185260554920954 0.56168285354077607
1 0.78546677419640931 0.71521608372069256
1 0.42025887947758855 0.78125124709735227
1 0.79206548472057148 0.44086568937480042
1 0.57359803121773290 0.77850690954001367
1 0.56493728342098604 0.83422562486840635
1 0.47765306610830505 0.56087485395559278
1 0.61254702140801054 0.77018841226533152
1 0.41923767782652277 0.84942547616138731
1 0.82119106615342929 0.46054444365349312
1 0.78629389262093530 0.32942304792155963
1 0.81754738333653698 0.40502231491280494
1 0.77843880390106190 0.60115116501348387
1 0.40463657389558494 0.66705022567744254
1 0.77685054562300593 0.62546125513495965
1 0.75256630790364953 0.29473949353603679
1 0.73268302959483433 0.62316336147708773
1 0.78603200252411543 0.56152463654997065
1 0.56797975111795562 0.78988277293400633
1 0.81531559096672457 0.50403262633161294
1 0.65866082995084385 0.66584740060842007
1 0.72684922655340700 0.74580604974750719
1 0.39977326034210725 0.73777832845378677
1 0.78508701148875193 0.40432218179934143
1 0.72323765771301196 0.74390254873908790
1 0.81454989351333817 0.51176192018313982
1 0.74702774347909784 0.24791534061963860
1 0.75624624389617690 0.49735277822047907
1 0.85393033501939719 0.38109354670967910
1 0.49182427054824696 0.71795865291584215
1 0.51919320206145703 0.74126974503013243
1 0.42711002391928743 0.69544632315913257
1 0.76402826213178754 0.72858275098263614
1 0.44053060394995103 0.85843019774374474
1 0.52430645620526517 0.76041610745504806
1 0.38687810479510887 0.64026832503496778
1 0.58414263360008833 0.84319309339337067
1 0.80521918813095583 0.59253263344987417
1 0.74839135147033420 0.69555385898218458
1 0.43980866323696000 0.78128096343249820
1 0.74162041818649982 0.58428090215874751
1 0.43667496613861401 0.77466763869572586
1 0.68058472608007414 0.78300205464780892
1 0.68275122551571277 0.19561334064828428
1 0.74408516988332973 0.65849084861055385
1 0.78363214158440075 0.65732693353487703
1 0.39577443676229418 0.77147608635811826
1 0.40997917214624702 0.63903714167584680
1 0.47914608215122279 0.82454155576411803
1 0.66004543890822431 0.66905826713512540
1 0.69162398150211402 0.51374144909729424
1 0.78099267837381225 0.71754689105056602
1 0.33720217690435006 0.71839177017894185
1 0.45138575694668814 0.51539712112496416
1 0.45972173342317746 0.58468697059764119
1 0.71279915270862082 0.29028217988687066
1 0.67259177621428246 0.22033666406445407
1 0.56297399339044030 0.56837050544995482
1 0.75870962427369282 0.35496804575847674
1 0.50373899676466105 0.61591726741797492
1 0.60304537845532014 0.67729358154223096
1 0.81212065412303991 0.60819476290123642
1 0.42882588679737277 0.57191880065036182
1 0.33633720317692006 0.77787695236916421
1 0.50860792026506574 0.73395879413699383
1 0.61184322412180303 0.83094924111621005
1 0.64629519238126598 0.50572873652400852
1 0.66950628039369631 0.82596055515688671
1 0.76384963184667642 0.65053046357395272
1 0.48300236602212765 0.84148578086199466
1 0.74542227192823263 0.58878016200167838
1 0.43968958494238430 0.73624990779480937
1 0.59053737398257200 0.69743532671112618
1 0.71548342699632550 0.25642624457534746
1 0.70645802940474134 0.49561507017992046
1 0.60356647923458939 0.66441982518815679
1 0.36164894855959828 0.76548176906240595
1 0.61918038371650508 0.55504530396558016
1 0.56060866658715536 0.64653193180671331
1 0.60129850764794357 0.66372021602759856
1 0.32224236593083855 0.66791858863673748
1 0.69929622514375467 0.61184762969249173
1 0.74783563532008268 0.71928846318570039
1 0.56168193379715325 0.84535627444652361
1 0.38552901987416277 0.81241202970602355
1 0.39848744436450012 0.68284272471479690
1 0.40600773769467091 0.83975387672433111
1 0.47947848474825006 0.63187748890756490
1 0.56858663169899837 0.65247433017814549
1 0.84173221324879610 0.48460933602034784
1 0.34258541413929855 0.77797343581704026
1 0.67950626987380558 0.70049529900537233
1 0.47130869301695011 0.69465572603997972
1 0.73476260051488529 0.78867392650534640
1 0.62024370812164265 0.47893192743150825
1 0.81735950802216994 0.43686997295610031
1 0.85525977258600228 0.55689697701137231
1 0.68203065925885564 0.75370805321379775
1 0.73895394195177366 0.66044530760074172
1 0.36356866709195879 0.58938621841893912
1 0.63730021690998506 0.77299219021030052
1 0.51629653431265976 0.51359549582089803
1 0.62856671413257237 0.47502003498648404
1 0.61440485550641410 0.50954654882473593
1 0.79513142307198115 0.59397573990468300
1 0.41294651112936220 0.67474464014009738
1 0.34346060343458062 0.76708234407996145
1 0.75421419325749617 0.67721769442293667
1 0.68129033995217458 0.41764052702351873
1 0.43462289983979374 0.64143947770862320
1 0.75395994819390677 0.28714760308303444
1 0.47515637196741611 0.83688463751834374
1 0.68568091634767880 0.42453333887070310
1 0.77923993725999641 0.37317750106569025
1 0.50986865553607119 0.86357265334185829
1 0.38285924416336214 0.58542314430968356
1 0.79369472922501627 0.40285087901185790
1 0.40930218466916379 0.69554841398360412
1 0.38832226644473988 0.77340926782545616
1 0.54272955501866438 0.69013707202463748
1 0.80306755817547248 0.63612066318385030
1 0.74294746130931322 0.24158113415899052
1 0.34785989527958705 0.62636912229064834
1 0.84215864437487808 0.46351650625554042
1 0.63446520972321185 0.45255159067147999
1 0.44837597699880893 0.58708610241438575
1 0.86815697260629543 0.50441875810907488
1 0.64365864019810803 0.77431931686373456
1 0.57048255171169615 0.74951311628136308
1 0.43519858647678011 0.60356195501547705
1 0.77375791237410319 0.68327874590344506
1 0.81913032189130297 0.45037423273486810
1 0.64703387181943905 0.51734116251349072
1 0.65433861633523738 0.43858682499221857
1 0.75604464559504714 0.64837579024929215
1 0.50786170103155326 0.86404883170214863
1 0.61661285013630696 0.51469180821027394
1 0.49172887564226309 0.68958789572402313
1 0.76443452738733408 0.64938358530509643
1 0.44702383170217252 0.56731885610917343
1 0.83941096784059777 0.51413453043201329
1 0.52887961224599644 0.73441661457116503
1 0.67551468994195474 0.79266379589677260
1 0.42980138237725996 0.61552483698260452
1 0.67001980155440566 0.69182978514605620
1 0.63131332223649039 0.47537246285618540
1 0.59497443046821186 0.67484243827871493
1 0.62587917265539839 0.75068217719597352
1 0.71016513823335525 0.29952411046410321
1 0.68573132961793082 0.53196514786494842
1 0.48438982694610733 0.79579834048357834
1 0.81006368883583058 0.60082839104694297
1 0.75689847245863850 0.48886667155842201
1 0.74849326547385120 0.61199939414667437
1 0.62403338029662436 0.73772924253951377
1 0.78213985259979690 0.50723218909894818
1 0.69298152129229140 0.74618096455562655
1 0.50950282022947524 0.68443780952217415
1 0.78338528087324533 0.68274961293922320
1 0.42784501630284699 0.70041671566696073
1 0.74319116563380905 0.35103930771497849
1 0.41937165397659970 0.63266411686939106
1 0.42552674033443871 0.75120666290043858
1 0.53365738222773207 0.65199525654564794
1 0.74927317566195151 0.23372791287217742
1 0.53866967663653498 0.80435050008125386
1 0.76012630036782480 0.76288600103200410
1 0.75793990162910085 0.75259490307963350
1 0.67464412088727244 0.47684560858580249
1 0.80847151415462548 0.45232527450491533
1 0.73856870848898049 0.47532811290115795
1 0.56268108157873975 0.60589630135069861
1 0.56283777802258983 0.83947887846030789
1 0.79748675047778761 0.28354163607950289
1 0.39055361380548015 0.66163920823150546
1 0.42161433004607241 0.51920281784220046
1 0.54209902053223114 0.70201500471540423
1 0.60128101576459625 0.76835763600049189
1 0.70831726770036330 0.54117228323095024
1 0.46195588058501169 0.63579884718398016
1 0.57340967846093882 0.66735422611697826
1 0.73443052350660132 0.63117351328937410
1 0.81681195651830873 0.37459668986637362
1 0.42436283684556309 0.53984541382582252
1 0.73682175287994833 0.57816551521848036
1 0.40259686367188885 0.57503876706903534
1 0.65589222648773060 0.20536796682332259
1 0.62508162633311093 0.68888694096923175
1 0.61048482085948197 0.50212854314491873
1 0.73753896072102121 0.37926349828790229
1 0.79729975137670950 0.32150668417379180
1 0.67682667590351819 0.17531604406158119
1 0.50108528365257055 0.52005859138741284
1 0.35901502699867627 0.76894610920239637
1 0.53646465796176346 0.86830917773934502
1 0.50306686346303664 0.65054285036395765
1 0.60535859934226266 0.49976600960571582
1 0.67869718547293445 0.54445811188100679
1 0.58521284623681391 0.81893099132190139
1 0.32315378162148278 0.71976146669264596
1 0.60887643592173979 0.52281763687798843
1 0.64385241959017980 0.71458235026299199
1 0.64571694597795393 0.62280868151953261
1 0.51439470217986127 0.84115747183784584
1 0.83665799031916332 0.56788069535092678
1 0.61433883514478793 0.52829713316488314
1 0.65380860006927077 0.83842856384005660
1 0.61854355623548796 0.58510953897465734
1 0.64446627822281122 0.45773204629585629
1 0.71483049656596942 0.47285396452414397
1 0.64258521009757885 0.70276760919540493
1 0.68950716580679861 0.64293149459691623
1 0.79146370887964734 0.67233557349502837
1 0.62552709353694802 0.61663176746040627
1 0.59721615702740405 0.67484563831048694
1 0.60594031144682647 0.63540265176091260
1 0.57744344600250119 0.83171952691640638
1 0.83925188605501910 0.63270323234279668
1 0.49161757338288115 0.81590810760620014
1 0.70144706409683732 0.58280508656992325
1 0.66560717375142286 0.67699571249082835
1 0.69220292388354898 0.29298521786218656
1 0.54203839769114948 0.60817025156112692
1 0.75986328113405466 0.31799990849648530
1 0.72886565065335085 0.73159387157372024
1 0.68607249519735303 0.72280605836578893
1 0.86117359180272701 0.49563027839879958
1 0.79031783443214898 0.48794634815530469
1 0.58603021855544590 0.61859879523264272
1 0.62914895070146970 0.75392048489902441
1 0.38656047484615885 0.58791168864673782
1 0.39562982819396508 0.79757750014567153
1 0.53629121452054562 0.82320998297420434
1 0.38475811220565037 0.76416213034225589
1 0.74436015916880949 0.58549728489772324
1 0.80356861542212488 0.67341024763643031
1 0.42042352226624424 0.83859281019616438
1 0.68065905331362087 0.77092539321166231
1 0.73416100783990679 0.48992799562705769
1 0.67853052182183260 0.66375027486787497
1 0.76176230434055525 0.35194692205820211
1 0.37423973235047792 0.56283941426208628
1 0.76754421765292924 0.56544793227169554
1 0.67746346343226671 0.49890063468851720
1 0.59480234132499155 0.64061713696296774
1 0.52730312924032696 0.77429662533388210
1 0.84235942863146906 0.62448502447582199
1 0.72445396122692263 0.39414665785173775
1 0.84419421422142782 0.62575025884638658
1 0.55795623565010688 0.64170379224775187
1 0.50245329068447220 0.73934033206890559
1 0.69575226759992048 0.44478247600412335
1 0.81224714843057810 0.58895519433876187
1 0.76807714084285661 0.53791572890914763
1 0.77927744351102324 0.69849199226602532
1 0.41247312892943655 0.62759113169552527
1 0.63470424335129916 0.55313528149121205
1 0.57470851359574437 0.56976091938365681
1 0.63440705544250520 0.54837461634686058
1 0.74272554981484129 0.64780305276191386
1 0.43630507961888920 0.66350523732417432
1 0.58288370957702107 0.80086258409447530
1 0.37515200351971267 0.71792211497415526
1 0.71928142085957547 0.71822623142941988
1 0.40690407416390406 0.60008239770820793
1 0.68329290457205349 0.53409729058211797
1 0.68937023034287326 0.58651837141862906
1 0.84851877605445902 0.38674505792048985
1 0.78737003510226311 0.33097549635293122
1 0.67426309780710003 0.49755339070805027
1 0.83379239572703212 0.37377128268490545
1 0.83243944775581513 0.45578099310834186
1 0.45367764992159176 0.54428752777526412
1 0.81229790026851179 0.43089166598328477
1 0.41663005736900316 0.65968898507182516
1 0.47281586501208073 0.66824582047590764
1 0.74941602719464728 0.27377196227052580
1 0.56183438844719158 0.54489468322208767
1 0.61672732308500433 0.62047201239161343
1 0.52071110740731541 0.83353303293546155
1 0.38432355554981457 0.60104677703884546
1 0.33847485661365573 0.62500085414132123
1 0.83649078653609443 0.63895573439828779
1 0.68651246049879333 0.38155334798723417
1 0.79616618051293286 0.49281073463667413
1 0.70888138469537643 0.33227604471089589
1 0.67320657980044540 0.77241752655698392
1 0.46422091846517510 0.74999889724356716
1 0.71104544466631281 0.25807937667427006
1 0.53366324030187429 0.64773896525545427
1 0.60270519808010081 0.80447406470528260
1 0.44417108249926551 0.72826162212523893
1 0.43727215903980443 0.83826200716459709
1 0.39047048860852440 0.76627027128424041
1 0.86958388939348163 0.46136044093100992
1 0.81235205417745793 0.51199629904437027
1 0.73735422783818416 0.48907448942233145
1 0.59869925756494424 0.80656778170277443
1 0.78953178593399898 0.51801773700222697
1 0.68928980348977120 0.30235375402452136
1 0.70154897624254353 0.28222551438023391
1 0.44169499608880092 0.75097619301092755
1 0.60652390631312592 0.66823650504170973
